=== Run information ===

Scheme:
	LinearRegression -S 0 -R 1.0E-8

Lagged and derived variable options:
	-F [MNTM] -L 1 -M 12 -G DATE -month -quarter

Relation:     TXavg
Instances:    174
Attributes:   3
              DATE
              MNTM
              TPCP

Transformed training data:

              DATE
              MNTM
              Lag_MNTM-1
              Lag_MNTM-2
              Lag_MNTM-3
              Lag_MNTM-4
              Lag_MNTM-5
              Lag_MNTM-6
              Lag_MNTM-7
              Lag_MNTM-8
              Lag_MNTM-9
              Lag_MNTM-10
              Lag_MNTM-11
              Lag_MNTM-12
              DATE^2
              DATE^3
              DATE*Lag_MNTM-1
              DATE*Lag_MNTM-2
              DATE*Lag_MNTM-3
              DATE*Lag_MNTM-4
              DATE*Lag_MNTM-5
              DATE*Lag_MNTM-6
              DATE*Lag_MNTM-7
              DATE*Lag_MNTM-8
              DATE*Lag_MNTM-9
              DATE*Lag_MNTM-10
              DATE*Lag_MNTM-11
              DATE*Lag_MNTM-12

MNTM:

Linear Regression Model

MNTM =

     -0.1448 * Lag_MNTM-3 +
     -0.224  * Lag_MNTM-4 +
     -1.4036 * Lag_MNTM-12 +
      0      * DATE*Lag_MNTM-1 +
      0      * DATE*Lag_MNTM-6 +
      0      * DATE*Lag_MNTM-8 +
      0      * DATE*Lag_MNTM-11 +
      0      * DATE*Lag_MNTM-12 +
     68.3092

=== Future predictions from end of training data ===
inst#           MNTM 
200001         51.24 
200009.1214    57.13 
200017.2428    61.75 
200025.3642    66.25 
200033.4855    76.93 
200041.6069    78.98 
200049.7283    84.32 
200057.8497    84.66 
200065.9711    78.68 
200074.0925    67.62 
200082.2139    51.79 
200090.3353    42.53 
200098.4566    44.21 
200106.578     52.26 
200114.6994    53.26 
200122.8208    68.17 
200130.9422    74.34 
200139.0636    80.94 
200147.185     85.24 
200155.3064    83.34 
200163.4277    75.27 
200171.5491    65.72 
200179.6705    59.47 
200187.7919    49.95 
200195.9133    49.14 
200204.0347    47.52 
200212.1561    55.52 
200220.2775    69.45 
200228.3988    74.36 
200236.5202    80.62 
200244.6416     81.3 
200252.763     83.22 
200260.8844    76.76 
200269.0058    65.74 
200277.1272    53.55 
200285.2486    48.44 
200293.3699    46.22 
200301.4913    48.45 
200309.6127    57.12 
200317.7341    66.83 
200325.8555    76.06 
200333.9769    78.74 
200342.0983    82.49 
200350.2197    83.31 
200358.341     74.61 
200366.4624    67.89 
200374.5838    58.75 
200382.7052    49.43 
200390.8266    49.13 
200398.948     47.36 
200407.0694    61.99 
200415.1908    64.82 
200423.3121    73.92 
200431.4335     78.9 
200439.5549    80.99 
200447.6763    79.81 
200455.7977    75.97 
200463.9191    70.61 
200472.0405    56.62 
200480.1618    47.73 
200488.2832    50.82 
200496.4046    52.02 
200504.526     56.69 
200512.6474    64.61 
200520.7688    71.93 
200528.8902    80.81 
200537.0116    82.84 
200545.1329    81.99 
200553.2543    80.54 
200561.3757    67.06 
200569.4971     59.5 
200577.6185    47.53 
200585.7399    53.06 
200593.8613    50.11 
200601.9827    61.43 
200610.104      71.1 
200618.2254    75.75 
200626.3468    80.81 
200634.4682    83.51 
200642.5896    84.81 
200650.711     75.04 
200658.8324    67.66 
200666.9538    58.67 
200675.0751    48.97 
200683.1965    43.22 
200691.3179    49.43 
200699.4393    62.26 
200707.5607    62.05 
200715.6821    72.07 
200723.8035    78.34 
200731.9249    79.44 
200740.0462    82.33 
200748.1676    77.88 
200756.289     69.26 
200764.4104    58.44 
200772.5318    50.24 
200780.6532    46.43 
200788.7746    53.63 
200796.896     58.74 
200805.0173    65.75 
200813.1387    74.65 
200821.2601    83.09 
200829.3815    82.19 
200837.5029    81.41 
200845.6243    74.07 
200853.7457    66.08 
200861.8671    57.68 
200869.9884    48.76 
200878.1098    48.52 
200886.2312    56.11 
200894.3526    59.43 
200902.474     65.12 
200910.5954    73.95 
200918.7168    82.12 
200926.8382    84.56 
200934.9595    83.74 
200943.0809    74.86 
200951.2023    64.88 
200959.3237    57.94 
200967.4451    43.52 
200975.5665    44.61 
200983.6879    43.93 
200991.8092    54.98 
200999.9306    65.35 
201008.052     74.21 
201016.1734    82.75 
201024.2948    81.78 
201032.4162    84.84 
201040.5376    78.14 
201048.659     67.56 
201056.7803    57.25 
201064.9017    49.44 
201073.0231    44.99 
201081.1445    49.03 
201089.2659    61.63 
201097.3873    70.31 
201105.5087    74.12 
201113.6301    85.04 
201121.7514    87.06 
201129.8728    88.44 
201137.9942    78.35 
201146.1156    67.51 
201154.237     57.66 
201162.3584    46.98 
201170.4798    50.71 
201178.6012    52.03 
201186.7225     63.4 
201194.8439    70.16 
201202.9653    75.68 
201211.0867    82.18 
201219.2081    83.58 
201227.3295    83.95 
201235.4509     77.2 
201243.5723    66.52 
201251.6936    59.32 
201259.815     51.82 
201267.9364    48.23 
201276.0578    51.97 
201284.1792    56.74 
201292.3006    62.98 
201300.422     72.54 
201308.5434    81.77 
201316.6647    81.58 
201324.7861    83.53 
201332.9075    78.78 
201341.0289    67.21 
201349.1503     53.1 
201357.2717    45.02 
201365.3931    44.42 
201373.5145    47.87 
201381.6358     54.4 
201389.7572    65.34 
201397.8786    71.82 
201406         80.37 
201414.1214*  86.5178 
201422.2428*  86.3999 
201430.3642*  80.6133 
201438.4855*  69.7227 
201446.6069*  58.8929 
201454.7283*  50.1738 
201462.8497*  46.2343 
201470.9711*  47.5379 
201479.0925*  53.7837 
201487.2139*  62.8293 
201495.3353*  73.1906 
201503.4566*    82.29 
201511.578*  87.1611 
201519.6994*  86.6323 
201527.8208*   80.419 
201535.9422*  70.6049 
201544.0636*  59.6963 
201552.185*  50.7132 
201560.3064*  45.9942 
201568.4277*  46.6692 
201576.5491*  52.5828 
201584.6705*  62.2361 
201592.7919*  73.2097 
201600.9133*  82.4992 
