=== Run information ===

Scheme:
	LinearRegression -S 0 -R 1.0E-8

Lagged and derived variable options:
	-F [TPCP] -L 1 -M 12 -G DATE -month -quarter

Relation:     TXavg
Instances:    174
Attributes:   3
              DATE
              MNTM
              TPCP

Transformed training data:

              DATE
              TPCP
              Lag_TPCP-1
              Lag_TPCP-2
              Lag_TPCP-3
              Lag_TPCP-4
              Lag_TPCP-5
              Lag_TPCP-6
              Lag_TPCP-7
              Lag_TPCP-8
              Lag_TPCP-9
              Lag_TPCP-10
              Lag_TPCP-11
              Lag_TPCP-12
              DATE^2
              DATE^3
              DATE*Lag_TPCP-1
              DATE*Lag_TPCP-2
              DATE*Lag_TPCP-3
              DATE*Lag_TPCP-4
              DATE*Lag_TPCP-5
              DATE*Lag_TPCP-6
              DATE*Lag_TPCP-7
              DATE*Lag_TPCP-8
              DATE*Lag_TPCP-9
              DATE*Lag_TPCP-10
              DATE*Lag_TPCP-11
              DATE*Lag_TPCP-12

TPCP:

Linear Regression Model

TPCP =

      0.17   * Lag_TPCP-1 +
      0.1328 * Lag_TPCP-2 +
    172.0567

=== Future predictions from end of training data ===
inst#            TPCP 
200001         124.15 
200009.1214    112.71 
200017.2428    268.52 
200025.3642    211.33 
200033.4855    353.79 
200041.6069    531.11 
200049.7283     66.63 
200057.8497     55.57 
200065.9711    124.32 
200074.0925    402.01 
200082.2139    559.52 
200090.3353    194.43 
200098.4566    262.01 
200106.578     221.92 
200114.6994    354.03 
200122.8208     85.58 
200130.9422    321.23 
200139.0636    311.46 
200147.185     101.69 
200155.3064    412.52 
200163.4277     353.1 
200171.5491    196.49 
200179.6705    363.26 
200187.7919    265.84 
200195.9133     108.4 
200204.0347    110.25 
200212.1561    220.73 
200220.2775    199.35 
200228.3988    208.04 
200236.5202    265.48 
200244.6416    485.02 
200252.763     195.81 
200260.8844    343.27 
200269.0058    672.61 
200277.1272    212.18 
200285.2486    371.33 
200293.3699     72.41 
200301.4913    268.52 
200309.6127    123.17 
200317.7341     85.84 
200325.8555    151.81 
200333.9769    477.92 
200342.0983    261.09 
200350.2197    221.62 
200358.341     482.15 
200366.4624    284.74 
200374.5838    173.25 
200382.7052     86.35 
200390.8266    243.65 
200398.948     316.86 
200407.0694    232.98 
200415.1908    424.95 
200423.3121    289.04 
200431.4335    726.06 
200439.5549    245.12 
200447.6763    310.46 
200455.7977    240.38 
200463.9191     423.5 
200472.0405    694.46 
200480.1618     93.86 
200488.2832       203 
200496.4046     267.5 
200504.526     207.22 
200512.6474     77.23 
200520.7688    283.32 
200528.8902    121.16 
200537.0116     316.5 
200545.1329    335.29 
200553.2543    169.18 
200561.3757    209.23 
200569.4971     94.06 
200577.6185     55.06 
200585.7399    117.92 
200593.8613    128.75 
200601.9827    224.05 
200610.104     159.66 
200618.2254    245.22 
200626.3468    237.79 
200634.4682    281.36 
200642.5896    204.08 
200650.711     362.55 
200658.8324    439.73 
200666.9538     89.26 
200675.0751    279.27 
200683.1965    423.57 
200691.3179     61.11 
200699.4393    483.71 
200707.5607    237.19 
200715.6821     572.1 
200723.8035    572.71 
200731.9249    667.57 
200740.0462    315.38 
200748.1676    289.61 
200756.289     132.77 
200764.4104    149.07 
200772.5318    133.72 
200780.6532    129.94 
200788.7746    125.89 
200796.896     264.91 
200805.0173    210.59 
200813.1387    246.27 
200821.2601    198.98 
200829.3815    262.23 
200837.5029    481.92 
200845.6243    299.65 
200853.7457    217.94 
200861.8671    130.75 
200869.9884     62.27 
200878.1098     42.23 
200886.2312     73.65 
200894.3526    251.47 
200902.474     344.92 
200910.5954    250.88 
200918.7168    182.74 
200926.8382    296.98 
200934.9595    168.01 
200943.0809    466.51 
200951.2023    630.79 
200959.3237    166.56 
200967.4451    267.35 
200975.5665    261.87 
200983.6879    300.27 
200991.8092    207.46 
200999.9306    280.11 
201008.052     240.65 
201016.1734    310.73 
201024.2948    545.97 
201032.4162    119.74 
201040.5376    553.22 
201048.659      79.13 
201056.7803    122.03 
201064.9017     87.64 
201073.0231    187.11 
201081.1445      78.9 
201089.2659     33.36 
201097.3873     86.87 
201105.5087    171.71 
201113.6301       117 
201121.7514     82.14 
201129.8728     75.33 
201137.9942    119.64 
201146.1156    235.68 
201154.237     145.39 
201162.3584    307.04 
201170.4798    252.95 
201178.6012     269.5 
201186.7225    334.91 
201194.8439    147.04 
201202.9653    298.45 
201211.0867    203.13 
201219.2081    293.98 
201227.3295     197.2 
201235.4509    403.45 
201243.5723     84.44 
201251.6936     35.77 
201259.815      115.1 
201267.9364    266.31 
201276.0578    135.62 
201284.1792     74.26 
201292.3006    216.05 
201300.422     266.14 
201308.5434    238.87 
201316.6647    302.31 
201324.7861    151.88 
201332.9075    430.41 
201341.0289    370.39 
201349.1503    205.83 
201357.2717    148.84 
201365.3931     49.74 
201373.5145     90.77 
201381.6358    128.56 
201389.7572    108.45 
201397.8786    467.16 
201406          329.3 
201414.1214*  290.0783 
201422.2428*   265.104 
201430.3642*  255.6496 
201438.4855*  250.7259 
201446.6069*  248.6334 
201454.7283*  247.6238 
201462.8497*  247.1743 
201470.9711*  246.9638 
201479.0925*  246.8683 
201487.2139*  246.8241 
201495.3353*  246.8039 
201503.4566*  246.7946 
201511.578*  246.7904 
201519.6994*  246.7884 
201527.8208*  246.7875 
201535.9422*  246.7871 
201544.0636*  246.7869 
201552.185*  246.7868 
201560.3064*  246.7868 
201568.4277*  246.7868 
201576.5491*  246.7867 
201584.6705*  246.7867 
201592.7919*  246.7867 
201600.9133*  246.7867 
