=== Run information ===

Scheme:
	LinearRegression -S 0 -R 1.0E-8

Lagged and derived variable options:
	-F [MNTM] -L 1 -M 12 -G DATE -month -quarter

Relation:     CAavg
Instances:    174
Attributes:   3
              DATE
              MNTM
              TPCP

Transformed training data:

              DATE
              MNTM
              Lag_MNTM-1
              Lag_MNTM-2
              Lag_MNTM-3
              Lag_MNTM-4
              Lag_MNTM-5
              Lag_MNTM-6
              Lag_MNTM-7
              Lag_MNTM-8
              Lag_MNTM-9
              Lag_MNTM-10
              Lag_MNTM-11
              Lag_MNTM-12
              DATE^2
              DATE^3
              DATE*Lag_MNTM-1
              DATE*Lag_MNTM-2
              DATE*Lag_MNTM-3
              DATE*Lag_MNTM-4
              DATE*Lag_MNTM-5
              DATE*Lag_MNTM-6
              DATE*Lag_MNTM-7
              DATE*Lag_MNTM-8
              DATE*Lag_MNTM-9
              DATE*Lag_MNTM-10
              DATE*Lag_MNTM-11
              DATE*Lag_MNTM-12

MNTM:

Linear Regression Model

MNTM =

     -0.3136 * Lag_MNTM-3 +
     -0.1215 * Lag_MNTM-4 +
     -0.1185 * Lag_MNTM-5 +
     -0.2439 * Lag_MNTM-7 +
     -1.2594 * Lag_MNTM-12 +
      0      * DATE*Lag_MNTM-1 +
      0      * DATE*Lag_MNTM-8 +
      0      * DATE*Lag_MNTM-12 +
     80.0119

=== Future predictions from end of training data ===
inst#           MNTM 
200001         48.75 
200009.1214    50.13 
200017.2428    52.48 
200025.3642    59.07 
200033.4855    63.97 
200041.6069       71 
200049.7283    71.53 
200057.8497     73.7 
200065.9711    68.93 
200074.0925    60.01 
200082.2139    48.79 
200090.3353    48.93 
200098.4566    45.17 
200106.578     46.34 
200114.6994    54.68 
200122.8208    53.95 
200130.9422    67.91 
200139.0636    70.25 
200147.185     72.04 
200155.3064     73.4 
200163.4277    69.88 
200171.5491    64.13 
200179.6705    54.13 
200187.7919    46.36 
200195.9133    45.32 
200204.0347    50.47 
200212.1561     51.1 
200220.2775    57.06 
200228.3988    61.35 
200236.5202    68.95 
200244.6416    74.08 
200252.763     72.13 
200260.8844    70.06 
200269.0058    60.05 
200277.1272    54.72 
200285.2486    47.45 
200293.3699     52.2 
200301.4913    48.55 
200309.6127    53.84 
200317.7341    52.35 
200325.8555    62.05 
200333.9769    69.39 
200342.0983    75.79 
200350.2197    73.56 
200358.341     71.58 
200366.4624    65.57 
200374.5838    49.81 
200382.7052    47.34 
200390.8266    46.24 
200398.948      47.4 
200407.0694    58.11 
200415.1908    58.87 
200423.3121    63.65 
200431.4335    69.22 
200439.5549    73.48 
200447.6763    72.99 
200455.7977    69.56 
200463.9191    59.58 
200472.0405    50.16 
200480.1618     47.1 
200488.2832    46.39 
200496.4046    50.15 
200504.526      53.5 
200512.6474    55.08 
200520.7688     62.4 
200528.8902    65.71 
200537.0116    75.56 
200545.1329    73.53 
200553.2543    65.83 
200561.3757    60.69 
200569.4971    54.54 
200577.6185    48.91 
200585.7399    47.37 
200593.8613    49.72 
200601.9827    45.84 
200610.104     54.47 
200618.2254    64.03 
200626.3468     71.2 
200634.4682    76.95 
200642.5896     71.3 
200650.711     68.41 
200658.8324    59.69 
200666.9538    53.54 
200675.0751     46.6 
200683.1965    44.11 
200691.3179    49.06 
200699.4393    55.57 
200707.5607    56.83 
200715.6821    63.03 
200723.8035    69.04 
200731.9249    74.31 
200740.0462    73.91 
200748.1676    67.36 
200756.289     60.01 
200764.4104    54.81 
200772.5318    44.32 
200780.6532    44.02 
200788.7746    47.59 
200796.896     52.72 
200805.0173    56.17 
200813.1387    62.15 
200821.2601    69.79 
200829.3815    73.92 
200837.5029    74.58 
200845.6243    70.38 
200853.7457    62.55 
200861.8671    55.71 
200869.9884    44.53 
200878.1098    48.72 
200886.2312    47.69 
200894.3526    51.19 
200902.474     56.08 
200910.5954     66.1 
200918.7168    67.18 
200926.8382    74.86 
200934.9595    73.62 
200943.0809    72.26 
200951.2023    59.84 
200959.3237    52.85 
200967.4451    44.39 
200975.5665    47.53 
200983.6879    49.15 
200991.8092    51.36 
200999.9306    52.93 
201008.052     58.01 
201016.1734    68.28 
201024.2948    73.17 
201032.4162    71.73 
201040.5376    69.82 
201048.659     61.94 
201056.7803    51.43 
201064.9017    48.54 
201073.0231    47.57 
201081.1445    47.07 
201089.2659    51.98 
201097.3873     56.9 
201105.5087    59.54 
201113.6301    67.73 
201121.7514    73.31 
201129.8728    74.28 
201137.9942    72.02 
201146.1156    63.05 
201154.237     50.65 
201162.3584    45.23 
201170.4798    48.71 
201178.6012    49.08 
201186.7225     51.4 
201194.8439    57.52 
201202.9653    64.22 
201211.0867    68.99 
201219.2081    72.66 
201227.3295    75.72 
201235.4509    71.91 
201243.5723    63.73 
201251.6936    55.02 
201259.815      46.6 
201267.9364    44.38 
201276.0578    47.58 
201284.1792    55.23 
201292.3006    59.61 
201300.422     64.49 
201308.5434    70.94 
201316.6647    75.46 
201324.7861    72.91 
201332.9075     69.6 
201341.0289    59.97 
201349.1503    53.98 
201357.2717    45.63 
201365.3931    51.49 
201373.5145    51.61 
201381.6358    55.67 
201389.7572    58.77 
201397.8786    65.41 
201406         70.53 
201414.1214*  73.4088 
201422.2428*  71.1718 
201430.3642*  65.9237 
201438.4855*  58.6551 
201446.6069*  52.7859 
201454.7283*  48.2582 
201462.8497*  48.1483 
201470.9711*   49.987 
201479.0925*  54.5935 
201487.2139*  60.0727 
201495.3353*  66.1807 
201503.4566*  70.6524 
201511.578*  72.6375 
201519.6994*  70.7407 
201527.8208*  65.7913 
201535.9422*  59.0722 
201544.0636*  52.8775 
201552.185*  48.5789 
201560.3064*  47.5587 
201568.4277*  49.5972 
201576.5491*  54.3436 
201584.6705*   60.461 
201592.7919*  66.6114 
201600.9133*  71.0336 
