=== Run information ===

Scheme:
	LinearRegression -S 0 -R 1.0E-8

Lagged and derived variable options:
	-F [TPCP] -L 1 -M 12 -G DATE -month -quarter

Relation:     CAavg
Instances:    174
Attributes:   3
              DATE
              MNTM
              TPCP

Transformed training data:

              DATE
              TPCP
              Lag_TPCP-1
              Lag_TPCP-2
              Lag_TPCP-3
              Lag_TPCP-4
              Lag_TPCP-5
              Lag_TPCP-6
              Lag_TPCP-7
              Lag_TPCP-8
              Lag_TPCP-9
              Lag_TPCP-10
              Lag_TPCP-11
              Lag_TPCP-12
              DATE^2
              DATE^3
              DATE*Lag_TPCP-1
              DATE*Lag_TPCP-2
              DATE*Lag_TPCP-3
              DATE*Lag_TPCP-4
              DATE*Lag_TPCP-5
              DATE*Lag_TPCP-6
              DATE*Lag_TPCP-7
              DATE*Lag_TPCP-8
              DATE*Lag_TPCP-9
              DATE*Lag_TPCP-10
              DATE*Lag_TPCP-11
              DATE*Lag_TPCP-12

TPCP:

Linear Regression Model

TPCP =

     -0.0527 * DATE +
      0.1749 * Lag_TPCP-11 +
      0      * DATE*Lag_TPCP-1 +
      0      * DATE*Lag_TPCP-5 +
      0      * DATE*Lag_TPCP-6 +
      0      * DATE*Lag_TPCP-7 +
      0      * DATE*Lag_TPCP-12 +
  10731.0044

=== Future predictions from end of training data ===
inst#            TPCP 
200001         517.09 
200009.1214    776.02 
200017.2428     200.9 
200025.3642    174.44 
200033.4855     91.33 
200041.6069     26.01 
200049.7283      2.99 
200057.8497     12.93 
200065.9711     35.37 
200074.0925    227.22 
200082.2139     69.71 
200090.3353     64.48 
200098.4566    376.62 
200106.578      502.2 
200114.6994    202.93 
200122.8208    169.45 
200130.9422       6.6 
200139.0636     20.03 
200147.185      13.26 
200155.3064      2.46 
200163.4277     20.04 
200171.5491     54.24 
200179.6705    399.09 
200187.7919    555.51 
200195.9133    216.24 
200204.0347    142.25 
200212.1561    213.03 
200220.2775     68.71 
200228.3988     63.16 
200236.5202       3.8 
200244.6416      2.95 
200252.763        0.8 
200260.8844       6.9 
200269.0058       3.1 
200277.1272    310.89 
200285.2486    856.85 
200293.3699    170.92 
200301.4913     278.4 
200309.6127    257.22 
200317.7341    377.88 
200325.8555     102.9 
200333.9769      3.76 
200342.0983     14.83 
200350.2197      48.9 
200358.341      11.68 
200366.4624      8.89 
200374.5838    206.59 
200382.7052    572.83 
200390.8266    221.71 
200398.948     578.37 
200407.0694     95.59 
200415.1908     55.02 
200423.3121     29.16 
200431.4335      5.01 
200439.5549      2.27 
200447.6763      8.29 
200455.7977     15.19 
200463.9191    425.16 
200472.0405     149.2 
200480.1618    552.45 
200488.2832    574.84 
200496.4046    461.82 
200504.526     385.74 
200512.6474    159.81 
200520.7688    226.81 
200528.8902     62.24 
200537.0116     10.12 
200545.1329     16.39 
200553.2543     22.78 
200561.3757     89.24 
200569.4971    190.76 
200577.6185    790.65 
200585.7399    414.34 
200593.8613    278.02 
200601.9827    628.09 
200610.104     442.24 
200618.2254     75.03 
200626.3468     11.56 
200634.4682      7.27 
200642.5896      3.98 
200650.711       4.57 
200658.8324     36.07 
200666.9538    182.84 
200675.0751     291.1 
200683.1965      73.1 
200691.3179    429.76 
200699.4393     62.53 
200707.5607    125.36 
200715.6821      32.7 
200723.8035      8.42 
200731.9249     13.57 
200740.0462      8.77 
200748.1676     46.34 
200756.289     138.52 
200764.4104     71.14 
200772.5318    307.61 
200780.6532    735.21 
200788.7746    295.73 
200796.896       47.2 
200805.0173      21.3 
200813.1387     42.86 
200821.2601      1.68 
200829.3815      8.77 
200837.5029      5.98 
200845.6243      3.33 
200853.7457     65.51 
200861.8671    231.81 
200869.9884    279.66 
200878.1098     122.6 
200886.2312    527.47 
200894.3526    203.63 
200902.474      53.76 
200910.5954    115.61 
200918.7168     41.31 
200926.8382      5.04 
200934.9595      7.57 
200943.0809     12.48 
200951.2023    228.65 
200959.3237     76.86 
200967.4451    316.59 
200975.5665    644.69 
200983.6879    375.17 
200991.8092    203.98 
200999.9306    325.89 
201008.052      94.48 
201016.1734     17.26 
201024.2948      5.61 
201032.4162      6.34 
201040.5376      9.22 
201048.659     276.14 
201056.7803    263.07 
201064.9017    795.16 
201073.0231    121.38 
201081.1445    292.81 
201089.2659    566.17 
201097.3873     72.69 
201105.5087    103.74 
201113.6301     91.44 
201121.7514     14.88 
201129.8728      7.26 
201137.9942     18.69 
201146.1156     134.4 
201154.237     154.27 
201162.3584     40.77 
201170.4798    236.71 
201178.6012    106.67 
201186.7225    407.63 
201194.8439    219.68 
201202.9653     10.58 
201211.0867     20.09 
201219.2081     19.94 
201227.3295     23.36 
201235.4509      5.23 
201243.5723     75.01 
201251.6936    308.54 
201259.815     553.79 
201267.9364     96.88 
201276.0578     55.94 
201284.1792    115.09 
201292.3006     52.87 
201300.422      46.08 
201308.5434     32.37 
201316.6647     16.78 
201324.7861      19.7 
201332.9075      56.9 
201341.0289     25.35 
201349.1503     86.61 
201357.2717      42.1 
201365.3931     42.14 
201373.5145    422.04 
201381.6358    270.57 
201389.7572    108.16 
201397.8786      24.2 
201406           3.15 
201414.1214*    58.941 
201422.2428*   28.8326 
201430.3642*   14.6037 
201438.4855*   75.8033 
201446.6069*  125.7456 
201454.7283*  137.7137 
201462.8497*  202.8497 
201470.9711*  236.1707 
201479.0925*   193.773 
201487.2139*  135.6291 
201495.3353*   91.5565 
201503.4566*    73.571 
201511.578*   55.1305 
201519.6994*   35.1866 
201527.8208*   49.1483 
201535.9422*   88.6047 
201544.0636*  121.5998 
201552.185*  151.5145 
201560.3064*  178.8058 
201568.4277*  184.7224 
201576.5491*  165.6484 
201584.6705*  134.0686 
201592.7919*  104.4633 
201600.9133*   80.1975 
