=== Run information ===

Scheme:
	LinearRegression -S 0 -R 1.0E-8

Lagged and derived variable options:
	-F [MNTM] -L 1 -M 12 -G DATE -month -quarter

Relation:     NYavg
Instances:    174
Attributes:   3
              DATE
              MNTM
              TPCP

Transformed training data:

              DATE
              MNTM
              Lag_MNTM-1
              Lag_MNTM-2
              Lag_MNTM-3
              Lag_MNTM-4
              Lag_MNTM-5
              Lag_MNTM-6
              Lag_MNTM-7
              Lag_MNTM-8
              Lag_MNTM-9
              Lag_MNTM-10
              Lag_MNTM-11
              Lag_MNTM-12
              DATE^2
              DATE^3
              DATE*Lag_MNTM-1
              DATE*Lag_MNTM-2
              DATE*Lag_MNTM-3
              DATE*Lag_MNTM-4
              DATE*Lag_MNTM-5
              DATE*Lag_MNTM-6
              DATE*Lag_MNTM-7
              DATE*Lag_MNTM-8
              DATE*Lag_MNTM-9
              DATE*Lag_MNTM-10
              DATE*Lag_MNTM-11
              DATE*Lag_MNTM-12

MNTM:

Linear Regression Model

MNTM =

     -0.238  * Lag_MNTM-6 +
      0      * DATE*Lag_MNTM-1 +
      0      * DATE*Lag_MNTM-4 +
      0      * DATE*Lag_MNTM-11 +
     34.8894

=== Future predictions from end of training data ===
inst#           MNTM 
200001         20.84 
200009.1214    27.27 
200017.2428     39.1 
200025.3642    43.84 
200033.4855    57.52 
200041.6069    64.93 
200049.7283    66.06 
200057.8497    66.77 
200065.9711    59.84 
200074.0925    50.01 
200082.2139    37.74 
200090.3353    21.43 
200098.4566    24.39 
200106.578     26.32 
200114.6994    29.45 
200122.8208    46.02 
200130.9422    58.06 
200139.0636     66.2 
200147.185     67.17 
200155.3064    71.54 
200163.4277    60.88 
200171.5491    51.56 
200179.6705    44.65 
200187.7919    35.09 
200195.9133     30.7 
200204.0347    30.73 
200212.1561     34.8 
200220.2775    47.46 
200228.3988     52.8 
200236.5202    65.96 
200244.6416    71.55 
200252.763     70.71 
200260.8844    64.55 
200269.0058    47.82 
200277.1272    37.64 
200285.2486    26.49 
200293.3699    16.59 
200301.4913    20.02 
200309.6127    33.39 
200317.7341    42.93 
200325.8555    54.99 
200333.9769     63.9 
200342.0983    69.59 
200350.2197    70.79 
200358.341     62.05 
200366.4624     47.6 
200374.5838    42.31 
200382.7052    29.32 
200390.8266    15.19 
200398.948     23.64 
200407.0694    36.23 
200415.1908    45.61 
200423.3121    59.79 
200431.4335     63.6 
200439.5549     68.8 
200447.6763    67.37 
200455.7977    63.44 
200463.9191    49.85 
200472.0405    40.62 
200480.1618    28.14 
200488.2832     20.9 
200496.4046    25.99 
200504.526     29.18 
200512.6474    47.22 
200520.7688     52.4 
200528.8902    70.12 
200537.0116    72.48 
200545.1329    71.96 
200553.2543    64.89 
200561.3757    51.17 
200569.4971    42.43 
200577.6185    25.84 
200585.7399    32.12 
200593.8613    26.86 
200601.9827    33.41 
200610.104     47.41 
200618.2254    57.03 
200626.3468     65.9 
200634.4682    72.59 
200642.5896    68.71 
200650.711     59.74 
200658.8324    48.45 
200666.9538    44.03 
200675.0751    36.34 
200683.1965     27.7 
200691.3179    18.15 
200699.4393    32.34 
200707.5607    42.46 
200715.6821    57.47 
200723.8035    66.96 
200731.9249    68.38 
200740.0462    69.47 
200748.1676    63.55 
200756.289     56.57 
200764.4104    37.83 
200772.5318    28.04 
200780.6532    27.63 
200788.7746    25.22 
200796.896     31.48 
200805.0173    49.59 
200813.1387    53.21 
200821.2601    68.18 
200829.3815    70.72 
200837.5029    66.65 
200845.6243     62.4 
200853.7457    48.12 
200861.8671    38.55 
200869.9884    28.73 
200878.1098    17.33 
200886.2312    26.52 
200894.3526    34.29 
200902.474     47.06 
200910.5954    56.54 
200918.7168    63.36 
200926.8382    66.63 
200934.9595    69.69 
200943.0809    60.04 
200951.2023    47.65 
200959.3237    43.42 
200967.4451    27.15 
200975.5665    23.51 
200983.6879    25.35 
200991.8092    39.37 
200999.9306    50.39 
201008.052     59.93 
201016.1734    66.94 
201024.2948    73.11 
201032.4162    69.81 
201040.5376    62.39 
201048.659     50.24 
201056.7803    39.57 
201064.9017    24.99 
201073.0231    19.88 
201081.1445    22.66 
201089.2659    32.06 
201097.3873    45.77 
201105.5087    58.92 
201113.6301    66.29 
201121.7514    72.56 
201129.8728    68.61 
201137.9942    63.83 
201146.1156    50.62 
201154.237     44.17 
201162.3584    33.28 
201170.4798    27.55 
201178.6012    30.76 
201186.7225    44.16 
201194.8439    44.73 
201202.9653    61.39 
201211.0867    65.63 
201219.2081    72.48 
201227.3295    69.65 
201235.4509    61.12 
201243.5723     51.9 
201251.6936     37.2 
201259.815     33.18 
201267.9364       26 
201276.0578    24.42 
201284.1792    31.51 
201292.3006    44.57 
201300.422      58.2 
201308.5434    65.21 
201316.6647    72.31 
201324.7861    67.07 
201332.9075    59.44 
201341.0289       52 
201349.1503     35.9 
201357.2717    27.61 
201365.3931    18.28 
201373.5145    19.78 
201381.6358    25.13 
201389.7572    44.37 
201397.8786    57.57 
201406         66.08 
201414.1214*  73.9718 
201422.2428*  72.3074 
201430.3642*  65.6723 
201438.4855*  52.5299 
201446.6069*  38.5098 
201454.7283*  27.2095 
201462.8497*  20.6282 
201470.9711*  21.2527 
201479.0925*  29.7621 
201487.2139*  42.7257 
201495.3353*  56.5653 
201503.4566*  68.4378 
201511.578*  74.5657 
201519.6994*   73.756 
201527.8208*  65.7557 
201535.9422*  52.8549 
201544.0636*  38.7364 
201552.185*  26.8291 
201560.3064*  20.4944 
201568.4277*  21.5285 
201576.5491*   29.578 
201584.6705*  42.4747 
201592.7919*   56.807 
201600.9133*   68.721 
