=== Run information ===

Scheme:
	LinearRegression -S 0 -R 1.0E-8

Lagged and derived variable options:
	-F [TPCP] -L 1 -M 12 -G DATE -month -quarter

Relation:     NYavg
Instances:    174
Attributes:   3
              DATE
              MNTM
              TPCP

Transformed training data:

              DATE
              TPCP
              Lag_TPCP-1
              Lag_TPCP-2
              Lag_TPCP-3
              Lag_TPCP-4
              Lag_TPCP-5
              Lag_TPCP-6
              Lag_TPCP-7
              Lag_TPCP-8
              Lag_TPCP-9
              Lag_TPCP-10
              Lag_TPCP-11
              Lag_TPCP-12
              DATE^2
              DATE^3
              DATE*Lag_TPCP-1
              DATE*Lag_TPCP-2
              DATE*Lag_TPCP-3
              DATE*Lag_TPCP-4
              DATE*Lag_TPCP-5
              DATE*Lag_TPCP-6
              DATE*Lag_TPCP-7
              DATE*Lag_TPCP-8
              DATE*Lag_TPCP-9
              DATE*Lag_TPCP-10
              DATE*Lag_TPCP-11
              DATE*Lag_TPCP-12

TPCP:

Linear Regression Model

TPCP =

     -4.5131 * Lag_TPCP-6 +
      0.1812 * Lag_TPCP-12 +
      0      * DATE*Lag_TPCP-1 +
      0      * DATE*Lag_TPCP-5 +
      0      * DATE*Lag_TPCP-6 +
    299.935 

=== Future predictions from end of training data ===
inst#            TPCP 
200001         314.99 
200009.1214    255.42 
200017.2428    299.48 
200025.3642    493.97 
200033.4855    541.93 
200041.6069    538.59 
200049.7283     453.4 
200057.8497    397.25 
200065.9711    380.74 
200074.0925    214.76 
200082.2139    271.93 
200090.3353     333.9 
200098.4566    175.95 
200106.578     206.83 
200114.6994    511.23 
200122.8208    122.48 
200130.9422    291.23 
200139.0636    439.19 
200147.185     235.57 
200155.3064    290.35 
200163.4277    396.88 
200171.5491    212.37 
200179.6705    205.37 
200187.7919    257.28 
200195.9133    219.06 
200204.0347    205.46 
200212.1561    324.47 
200220.2775    392.39 
200228.3988    514.79 
200236.5202    520.98 
200244.6416    189.73 
200252.763     301.09 
200260.8844    457.76 
200269.0058    438.82 
200277.1272    390.58 
200285.2486    375.11 
200293.3699    246.26 
200301.4913    266.55 
200309.6127     290.3 
200317.7341    268.56 
200325.8555    448.76 
200333.9769    482.41 
200342.0983    454.71 
200350.2197     459.2 
200358.341     525.97 
200366.4624    497.22 
200374.5838    422.48 
200382.7052    426.23 
200390.8266    222.22 
200398.948     159.41 
200407.0694     247.7 
200415.1908    400.48 
200423.3121    513.98 
200431.4335    286.51 
200439.5549    623.28 
200447.6763    557.41 
200455.7977    605.55 
200463.9191    215.09 
200472.0405    327.59 
200480.1618    384.91 
200488.2832    390.14 
200496.4046    217.21 
200504.526     296.82 
200512.6474    449.91 
200520.7688    162.99 
200528.8902     350.9 
200537.0116    380.51 
200545.1329     372.4 
200553.2543    355.24 
200561.3757    895.03 
200569.4971    455.69 
200577.6185    280.22 
200585.7399     401.7 
200593.8613    199.73 
200601.9827     170.2 
200610.104     343.27 
200618.2254     366.7 
200626.3468    690.73 
200634.4682    534.93 
200642.5896    427.09 
200650.711        444 
200658.8324    608.57 
200666.9538    362.73 
200675.0751    305.81 
200683.1965    371.77 
200691.3179    231.32 
200699.4393    370.93 
200707.5607    536.58 
200715.6821    184.82 
200723.8035     312.3 
200731.9249    482.74 
200740.0462    271.74 
200748.1676    303.42 
200756.289     463.77 
200764.4104    393.41 
200772.5318    462.27 
200780.6532    200.02 
200788.7746    523.58 
200796.896     492.95 
200805.0173    276.75 
200813.1387     233.7 
200821.2601    434.62 
200829.3815    542.91 
200837.5029     409.3 
200845.6243    384.11 
200853.7457    456.81 
200861.8671    277.21 
200869.9884    536.98 
200878.1098    261.94 
200886.2312    154.28 
200894.3526    281.64 
200902.474     266.76 
200910.5954     445.1 
200918.7168    557.01 
200926.8382    537.43 
200934.9595     490.8 
200943.0809     248.2 
200951.2023    444.88 
200959.3237    206.51 
200967.4451    405.28 
200975.5665    240.96 
200983.6879     313.8 
200991.8092    440.48 
200999.9306    218.75 
201008.052     260.17 
201016.1734    507.28 
201024.2948    393.71 
201032.4162    420.66 
201040.5376    312.82 
201048.659     634.21 
201056.7803    274.57 
201064.9017    341.17 
201073.0231    226.03 
201081.1445    347.19 
201089.2659    453.39 
201097.3873    655.79 
201105.5087    571.89 
201113.6301    401.91 
201121.7514    242.51 
201129.8728    774.38 
201137.9942    675.19 
201146.1156    455.44 
201154.237     286.18 
201162.3584     327.3 
201170.4798    314.26 
201178.6012     121.1 
201186.7225    191.95 
201194.8439     281.9 
201202.9653       396 
201211.0867    341.77 
201219.2081    322.37 
201227.3295    319.13 
201235.4509    478.17 
201243.5723    476.07 
201251.6936    113.88 
201259.815     511.17 
201267.9364    206.29 
201276.0578    250.24 
201284.1792     176.5 
201292.3006    302.35 
201300.422     428.05 
201308.5434    703.83 
201316.6647    430.66 
201324.7861    379.01 
201332.9075    338.45 
201341.0289    291.58 
201349.1503    355.61 
201357.2717    370.03 
201365.3931    244.34 
201373.5145    299.46 
201381.6358    302.95 
201389.7572    336.05 
201397.8786    453.63 
201406         460.22 
201414.1214*  417.7883 
201422.2428*  398.5543 
201430.3642*  382.3192 
201438.4855*  351.9863 
201446.6069*  354.5171 
201454.7283*  364.1201 
201462.8497*   347.041 
201470.9711*  356.5821 
201479.0925*  364.1178 
201487.2139*  371.8051 
201495.3353*  393.1639 
201503.4566*  401.0922 
201511.578*  393.8507 
201519.6994*  387.6856 
201527.8208*  382.2887 
201535.9422*  372.3842 
201544.0636*  369.3965 
201552.185*  371.6085 
201560.3064*   370.086 
201568.4277*  372.5136 
201576.5491*  376.0357 
201584.6705*  378.8024 
201592.7919*  382.9894 
201600.9133*  385.5196 
