=== Run information ===

Scheme:
	LinearRegression -S 0 -R 1.0E-8

Lagged and derived variable options:
	-F [MNTM] -L 1 -M 12 -G DATE -month -quarter

Relation:     IAavg
Instances:    174
Attributes:   3
              DATE
              MNTM
              TPCP

Transformed training data:

              DATE
              MNTM
              Lag_MNTM-1
              Lag_MNTM-2
              Lag_MNTM-3
              Lag_MNTM-4
              Lag_MNTM-5
              Lag_MNTM-6
              Lag_MNTM-7
              Lag_MNTM-8
              Lag_MNTM-9
              Lag_MNTM-10
              Lag_MNTM-11
              Lag_MNTM-12
              DATE^2
              DATE^3
              DATE*Lag_MNTM-1
              DATE*Lag_MNTM-2
              DATE*Lag_MNTM-3
              DATE*Lag_MNTM-4
              DATE*Lag_MNTM-5
              DATE*Lag_MNTM-6
              DATE*Lag_MNTM-7
              DATE*Lag_MNTM-8
              DATE*Lag_MNTM-9
              DATE*Lag_MNTM-10
              DATE*Lag_MNTM-11
              DATE*Lag_MNTM-12

MNTM:

Linear Regression Model

MNTM =

     -0.2023 * Lag_MNTM-6 +
      0.2529 * Lag_MNTM-11 +
      2.2219 * Lag_MNTM-12 +
      0      * DATE*Lag_MNTM-1 +
      0      * DATE*Lag_MNTM-4 +
      0      * DATE*Lag_MNTM-8 +
      0      * DATE*Lag_MNTM-12 +
     42.4122

=== Future predictions from end of training data ===
inst#           MNTM 
200001         21.44 
200009.1214     31.9 
200017.2428    42.52 
200025.3642    49.06 
200033.4855    62.71 
200041.6069    67.79 
200049.7283    72.31 
200057.8497    72.92 
200065.9711    64.61 
200074.0925    54.82 
200082.2139    32.14 
200090.3353     9.92 
200098.4566    20.45 
200106.578     17.58 
200114.6994    29.78 
200122.8208    52.34 
200130.9422    60.94 
200139.0636    68.35 
200147.185     75.18 
200155.3064    72.74 
200163.4277    61.24 
200171.5491     50.1 
200179.6705    47.77 
200187.7919    30.56 
200195.9133    28.37 
200204.0347    28.54 
200212.1561    29.88 
200220.2775    48.67 
200228.3988    56.97 
200236.5202    72.46 
200244.6416    76.62 
200252.763      71.2 
200260.8844    65.57 
200269.0058    46.27 
200277.1272     34.3 
200285.2486    28.51 
200293.3699    18.85 
200301.4913    19.81 
200309.6127     34.7 
200317.7341    50.28 
200325.8555    58.01 
200333.9769    67.31 
200342.0983    73.14 
200350.2197    74.39 
200358.341     61.32 
200366.4624    52.27 
200374.5838     35.7 
200382.7052    27.97 
200390.8266    17.34 
200398.948     22.15 
200407.0694    40.27 
200415.1908    50.83 
200423.3121    60.63 
200431.4335    66.99 
200439.5549    70.58 
200447.6763     66.5 
200455.7977    66.39 
200463.9191    51.85 
200472.0405    40.36 
200480.1618    26.26 
200488.2832     18.4 
200496.4046    30.53 
200504.526     35.37 
200512.6474     52.8 
200520.7688    57.57 
200528.8902    72.66 
200537.0116    74.72 
200545.1329    71.64 
200553.2543    67.54 
200561.3757    52.54 
200569.4971    39.29 
200577.6185    19.26 
200585.7399    31.93 
200593.8613    24.37 
200601.9827    35.92 
200610.104     53.27 
200618.2254    60.52 
200626.3468    70.03 
200634.4682    76.03 
200642.5896    72.23 
200650.711     59.91 
200658.8324    47.86 
200666.9538    39.19 
200675.0751     30.9 
200683.1965    21.25 
200691.3179    14.96 
200699.4393    41.24 
200707.5607    46.32 
200715.6821     64.8 
200723.8035    70.45 
200731.9249    73.73 
200740.0462    74.32 
200748.1676    64.66 
200756.289     55.83 
200764.4104    37.02 
200772.5318    20.06 
200780.6532    15.98 
200788.7746    16.25 
200796.896     31.83 
200805.0173    45.67 
200813.1387     57.3 
200821.2601    69.38 
200829.3815    73.21 
200837.5029       70 
200845.6243    63.52 
200853.7457    50.62 
200861.8671    37.08 
200869.9884    17.26 
200878.1098    12.62 
200886.2312       26 
200894.3526    36.62 
200902.474     46.57 
200910.5954    59.79 
200918.7168    68.96 
200926.8382    67.96 
200934.9595    68.44 
200943.0809    63.33 
200951.2023    44.77 
200959.3237    43.17 
200967.4451     19.5 
200975.5665    13.05 
200983.6879     16.6 
200991.8092     37.8 
200999.9306    54.64 
201008.052     59.76 
201016.1734     70.8 
201024.2948    74.58 
201032.4162    74.49 
201040.5376    62.95 
201048.659     53.75 
201056.7803    37.69 
201064.9017    18.44 
201073.0231    13.99 
201081.1445     21.6 
201089.2659    34.11 
201097.3873    46.98 
201105.5087    58.98 
201113.6301    69.53 
201121.7514    77.98 
201129.8728    72.11 
201137.9942    60.18 
201146.1156    53.27 
201154.237     39.12 
201162.3584    28.75 
201170.4798    25.83 
201178.6012    28.78 
201186.7225    50.92 
201194.8439    51.93 
201202.9653    64.92 
201211.0867    71.43 
201219.2081    79.55 
201227.3295    71.08 
201235.4509    61.97 
201243.5723    48.55 
201251.6936     38.8 
201259.815     27.33 
201267.9364    21.35 
201276.0578     23.4 
201284.1792    28.27 
201292.3006    43.23 
201300.422     58.99 
201308.5434    68.87 
201316.6647    72.35 
201324.7861    71.95 
201332.9075    66.81 
201341.0289    50.34 
201349.1503    33.49 
201357.2717    16.93 
201365.3931     13.5 
201373.5145    12.43 
201381.6358    28.99 
201389.7572    47.08 
201397.8786    59.96 
201406         70.18 
201414.1214*   77.524 
201422.2428*  77.3669 
201430.3642*  67.0618 
201438.4855*  52.3227 
201446.6069*  35.1128 
201454.7283*  22.2967 
201462.8497*  15.3173 
201470.9711*  18.7426 
201479.0925*  29.7222 
201487.2139*  43.8431 
201495.3353*  59.4706 
201503.4566*   72.175 
201511.578*  78.7096 
201519.6994*  76.5326 
201527.8208*  66.8096 
201535.9422*  51.7614 
201544.0636*  35.6947 
201552.185*  22.8098 
201560.3064*  16.9033 
201568.4277*  19.3236 
201576.5491*  28.8692 
201584.6705*  43.5496 
201592.7919*  59.2769 
201600.9133*   71.944 
