=== Run information ===

Scheme:
	LinearRegression -S 0 -R 1.0E-8

Lagged and derived variable options:
	-F [TPCP] -L 1 -M 12 -G DATE -month -quarter

Relation:     IAavg
Instances:    174
Attributes:   3
              DATE
              MNTM
              TPCP

Transformed training data:

              DATE
              TPCP
              Lag_TPCP-1
              Lag_TPCP-2
              Lag_TPCP-3
              Lag_TPCP-4
              Lag_TPCP-5
              Lag_TPCP-6
              Lag_TPCP-7
              Lag_TPCP-8
              Lag_TPCP-9
              Lag_TPCP-10
              Lag_TPCP-11
              Lag_TPCP-12
              DATE^2
              DATE^3
              DATE*Lag_TPCP-1
              DATE*Lag_TPCP-2
              DATE*Lag_TPCP-3
              DATE*Lag_TPCP-4
              DATE*Lag_TPCP-5
              DATE*Lag_TPCP-6
              DATE*Lag_TPCP-7
              DATE*Lag_TPCP-8
              DATE*Lag_TPCP-9
              DATE*Lag_TPCP-10
              DATE*Lag_TPCP-11
              DATE*Lag_TPCP-12

TPCP:

Linear Regression Model

TPCP =

      0.2584 * Lag_TPCP-1 +
      0.2042 * Lag_TPCP-2 +
     -0.2403 * Lag_TPCP-3 +
      0.1078 * Lag_TPCP-8 +
      0.1255 * Lag_TPCP-12 +
      0      * DATE*Lag_TPCP-7 +
      0      * DATE*Lag_TPCP-11 +
    146.7035

=== Future predictions from end of training data ===
inst#             TPCP 
200001           68.54 
200009.1214     134.76 
200017.2428      99.53 
200025.3642     209.71 
200033.4855     365.17 
200041.6069     678.27 
200049.7283     403.04 
200057.8497     266.23 
200065.9711      220.1 
200074.0925     179.52 
200082.2139      207.8 
200090.3353     165.04 
200098.4566     139.03 
200106.578      211.75 
200114.6994     127.89 
200122.8208     363.79 
200130.9422     710.38 
200139.0636     401.13 
200147.185      327.45 
200155.3064     287.18 
200163.4277     411.37 
200171.5491     249.54 
200179.6705     157.06 
200187.7919      87.94 
200195.9133      38.49 
200204.0347       86.5 
200212.1561     114.37 
200220.2775     354.46 
200228.3988     415.25 
200236.5202     350.57 
200244.6416     420.45 
200252.763      596.28 
200260.8844     167.84 
200269.0058     361.08 
200277.1272      21.81 
200285.2486      22.29 
200293.3699      37.88 
200301.4913      80.89 
200309.6127     116.43 
200317.7341     325.96 
200325.8555     459.85 
200333.9769     439.86 
200342.0983     420.19 
200350.2197     101.49 
200358.341      314.49 
200366.4624      99.23 
200374.5838      352.9 
200382.7052     129.09 
200390.8266       92.1 
200398.948      112.25 
200407.0694     372.91 
200415.1908     185.68 
200423.3121     771.34 
200431.4335     353.04 
200439.5549     412.56 
200447.6763      450.4 
200455.7977     275.59 
200463.9191     197.45 
200472.0405      224.1 
200480.1618      57.04 
200488.2832     129.66 
200496.4046     152.32 
200504.526       98.57 
200512.6474     354.83 
200520.7688     383.99 
200528.8902     533.81 
200537.0116     320.64 
200545.1329     316.36 
200553.2543     338.12 
200561.3757      91.85 
200569.4971     184.93 
200577.6185     114.29 
200585.7399      97.58 
200593.8613      31.89 
200601.9827     316.55 
200610.104      431.13 
200618.2254      238.9 
200626.3468     250.96 
200634.4682     327.63 
200642.5896     560.11 
200650.711      421.58 
200658.8324     170.79 
200666.9538     182.17 
200675.0751     207.74 
200683.1965      87.59 
200691.3179     169.88 
200699.4393     280.59 
200707.5607     465.71 
200715.6821     517.75 
200723.8035     356.33 
200731.9249     357.09 
200740.0462     974.07 
200748.1676     288.84 
200756.289      494.11 
200764.4104      20.38 
200772.5318      248.7 
200780.6532      66.16 
200788.7746     177.12 
200796.896      127.03 
200805.0173        584 
200813.1387     592.16 
200821.2601     876.93 
200829.3815     598.45 
200837.5029     193.91 
200845.6243     422.22 
200853.7457     326.09 
200861.8671     170.39 
200869.9884     198.39 
200878.1098      69.94 
200886.2312      81.53 
200894.3526      311.9 
200902.474      367.76 
200910.5954     369.28 
200918.7168     526.95 
200926.8382     472.99 
200934.9595     607.76 
200943.0809     170.59 
200951.2023     644.42 
200959.3237     122.17 
200967.4451     262.57 
200975.5665     130.89 
200983.6879      100.5 
200991.8092     171.82 
200999.9306     371.91 
201008.052      405.83 
201016.1734    1031.12 
201024.2948     822.72 
201032.4162     489.07 
201040.5376     553.23 
201048.659      101.68 
201056.7803     166.22 
201064.9017     133.52 
201073.0231      95.89 
201081.1445     141.78 
201089.2659     152.06 
201097.3873     378.89 
201105.5087     493.73 
201113.6301     607.88 
201121.7514     374.84 
201129.8728      309.9 
201137.9942     167.77 
201146.1156      83.05 
201154.237       219.4 
201162.3584     205.87 
201170.4798      60.23 
201178.6012     157.45 
201186.7225     188.83 
201194.8439     387.55 
201202.9653     368.58 
201211.0867      277.6 
201219.2081     121.03 
201227.3295      287.7 
201235.4509     161.39 
201243.5723     292.04 
201251.6936      106.4 
201259.815      151.57 
201267.9364      95.82 
201276.0578     125.95 
201284.1792     203.52 
201292.3006     654.02 
201300.422      853.44 
201308.5434        490 
201316.6647     170.84 
201324.7861     164.21 
201332.9075     194.75 
201341.0289     284.31 
201349.1503        159 
201357.2717      60.26 
201365.3931      44.81 
201373.5145     145.58 
201381.6358      78.92 
201389.7572     453.12 
201397.8786     318.54 
201406         1000.37 
201414.1214*   431.9681 
201422.2428*    457.806 
201430.3642*   187.3093 
201438.4855*   262.0685 
201446.6069*     75.488 
201454.7283*    164.586 
201462.8497*   -25.9542 
201470.9711*   196.5274 
201479.0925*   224.8469 
201487.2139*   401.9753 
201495.3353*   530.7931 
201503.4566*   570.6865 
201511.578*   458.5036 
201519.6994*   389.5371 
201527.8208*   250.7066 
201535.9422*   200.5268 
201544.0636*   136.7948 
201552.185*    86.9684 
201560.3064*   116.9356 
201568.4277*   198.1221 
201576.5491*   296.6284 
201584.6705*   417.8077 
201592.7919*   474.8857 
201600.9133*   474.0438 
